words,count
путин,"146
"
россия,"124
"
день,"113
"
соловьев,"88
"
история,"86
"
москва,"82
"
вопрос,"79
"
украина,"64
"
президент,"61
"
эфир,"59
"
сша,"59
"
трамп,"51
"
владимир,"47
"
суд,"46
"
дело,"45
"
рф,"43
"
страна,"41
"
тв,"33
"
программа,"32
"
время,"30
"
мочь,"30
"
ответ,"29
"
мир,"28
"
встреча,"28
"
народ,"28
"
новость,"27
"
тема,"27
"
ложь,"27
"
вечер,"26
"
слово,"26
"
закон,"26
"
октябрь,"25
"
решение,"25
"
конституция,"25
"
просмотр,"25
"
лжец,"25
"
акция,"24
"
оппозиция,"24
"
сеть,"23
"
кремль,"23
"
война,"22
"
чушь,"22
"
сентябрь,"21
"
декабрь,"21
"
военный,"21
"
право,"21
"
синица,"20
"
ноябрь,"20
"
песок,"20
"
утро,"20
"
враньё,"20
"
глава,"20
"
видео,"19
"
соловей,"19
"
власть,"19
"
радио,"19
"
сирия,"18
"
язык,"18
"
жизнь,"18
"
проблема,"18
"
мид,"17
"
иран,"17
"
ребёнок,"17
"
италия,"17
"
донбасс,"16
"
киев,"16
"
текст,"16
"
фильм,"16
"
деньга,"16
"
ситуация,"16
"
соболь,"15
"
факт,"15
"
эксперт,"15
"
кома,"15
"
гонконг,"14
"
лицо,"14
"
герой,"14
"
дурачок,"14
"
работа,"14
"
крым,"14
"
отношение,"14
"
сми,"14
"
статья,"14
"
журналист,"13
"
войско,"13
"
самолёт,"13
"
риа,"13
"
трус,"13
"
убийство,"13
"
интервью,"13
"
заявление,"13
"
беслан,"13
"
политика,"13
"
россиянин,"13
"
идиот,"13
"
ходора,"13
"
пример,"13
"
речь,"13
"
имя,"13
"
мнение,"13
"
фото,"13
"
переговоры,"12
"
уровень,"12
"
мразь,"12
"
партия,"12
"
цитата,"12
"
женщина,"12
"
участник,"12
"
доказательство,"12
"
блок,"12
"
выпуск,"11
"
вышинский,"11
"
европа,"11
"
прямой,"11
"
пост,"11
"
мишустин,"11
"
дом,"11
"
вор,"11
"
пенсия,"11
"
террорист,"11
"
доктор,"11
"
адвокат,"11
"
источник,"11
"
канал,"11
"
список,"11
"
александр,"11
"
полиция,"11
"
гражданин,"11
"
украинец,"11
"
результат,"11
"
голосование,"10
"
обмен,"10
"
кирилл,"10
"
санкция,"10
"
связь,"10
"
новое,"10
"
аноним,"10
"
любовь,"10
"
дмитрий,"10
"
медведев,"10
"
вывод,"10
"
кино,"10
"
сахаров,"9
"
митинг,"9
"
лукашенко,"9
"
ненависть,"9
"
миллиард,"9
"
выбор,"9
"
ирак,"9
"
роль,"9
"
парламент,"9
"
сила,"9
"
час,"9
"
тысяча,"9
"
лавров,"9
"
правительство,"9
"
зарплата,"9
"
ленин,"9
"
центр,"9
"
регион,"9
"
тварь,"9
"
дурак,"9
"
соглашение,"9
"
аэропорт,"9
"
методичок,"9
"
изменение,"9
"
передача,"9
"
налог,"9
"
сторона,"9
"
китай,"9
"
устинов,"8
"
сотрудник,"8
"
борт,"8
"
трагедия,"8
"
сулейманя,"8
"
ряд,"8
"
плата,"8
"
порошенко,"8
"
визит,"8
"
нацик,"8
"
материал,"8
"
январь,"8
"
система,"8
"
город,"8
"
действие,"8
"
кандидат,"8
"
повод,"8
"
германия,"8
"
друг,"8
"
лидер,"8
"
разница,"8
"
группа,"8
"
оон,"8
"
взгляд,"8
"
бандеровец,"8
"
гитлер,"8
"
семья,"8
"
действительность,"8
"
цифра,"8
"
мальчик,"8
"
кнр,"8
"
аравия,"7
"
павел,"7
"
франция,"7
"
совет,"7
"
мк,"7
"
венедиктов,"7
"
нефть,"7
"
выступление,"7
"
точка,"7
"
свобода,"7
"
формат,"7
"
мужчина,"7
"
иван,"7
"
телеканал,"7
"
мария,"7
"
сообщение,"7
"
версия,"7
"
ракета,"7
"
минута,"7
"
документ,"7
"
статус,"7
"
итог,"7
"
идея,"7
"
ссылка,"7
"
либерал,"7
"
опрос,"7
"
организация,"7
"
согласный,"7
"
победа,"7
"
метод,"7
"
бот,"7
"
образование,"7
"
интернет,"7
"
позиция,"7
"
захаров,"7
"
грета,"7
"
агент,"7
"
часы,"7
"
ходорковский,"7
"
американец,"7
"
информация,"7
"
врач,"7
"
сталин,"7
"
майдан,"7
"
рейтинг,"7
"
школа,"7
"
си,"7
"
молодая,"6
"
сергей,"6
"
эрдогать,"6
"
макрон,"6
"
ковтун,"6
"
июль,"6
"
чемпионат,"6
"
саммит,"6
"
пилот,"6
"
рождение,"6
"
фсб,"6
"
первое,"6
"
газ,"6
"
иго,"6
"
будущее,"6
"
средство,"6
"
срок,"6
"
атака,"6
"
жулик,"6
"
нарушение,"6
"
юрист,"6
"
премьер,"6
"
дональд,"6
"
кадр,"6
"
генерал,"6
"
удар,"6
"
алексей,"6
"
разговор,"6
"
меркель,"6
"
рубль,"6
"
крушение,"6
"
чемпион,"6
"
авиакатастрофа,"6
"
польша,"6
"
ссср,"6
"
юмор,"6
"
праздник,"6
"
телеведущий,"6
"
дерьмо,"6
"
клевета,"6
"
сто,"6
"
муссолини,"6
"
депутат,"6
"
экономика,"6
"
рейс,"6
"
мама,"6
"
государство,"6
"
автор,"6
"
смысл,"6
"
безопасность,"6
"
ум,"6
"
голова,"6
"
судья,"6
"
число,"6
"
прямая,"6
"
союз,"6
"
глаз,"6
"
нападение,"6
"
пора,"6
"
руководство,"6
"
председатель,"6
"
память,"6
"
армия,"6
"
дед,"6
"
капитализм,"5
"
памфилов,"5
"
сенцов,"5
"
попытка,"5
"
казнь,"5
"
приговор,"5
"
ургант,"5
"
екатеринбург,"5
"
андрей,"5
"
критика,"5
"
оружие,"5
"
помощь,"5
"
протест,"5
"
обвинение,"5
"
стиль,"5
"
дрсмд,"5
"
житель,"5
"
осень,"5
"
турция,"5
"
движение,"5
"
мероприятие,"5
"
правило,"5
"
комитет,"5
"
разведение,"5
"
деталь,"5
"
фрг,"5
"
сочи,"5
"
договор,"5
"
улица,"5
"
жириновский,"5
"
цена,"5
"
режим,"5
"
август,"5
"
шойгу,"5
"
мальгин,"5
"
асад,"5
"
таня,"5
"
взглядро,"5
"
задача,"5
"
правый,"5
"
мвд,"5
"
собянин,"5
"
погода,"5
"
набережная,"5
"
премьерминистр,"5
"
состав,"5
"
коллега,"5
"
понятие,"5
"
провокация,"5
"
поправка,"5
"
создание,"5
"
обращение,"5
"
политэксперт,"5
"
парень,"5
"
молодёжь,"5
"
бочаров,"5
"
подход,"5
"
инфо,"5
"
подмосковье,"5
"
честь,"5
"
родина,"5
"
тролль,"5
"
головач,"5
"
урегулирование,"5
"
агентство,"5
"
значение,"5
"
место,"5
"
граница,"5
"
дебил,"5
"
положение,"5
"
момент,"5
"
случай,"5
"
собчак,"5
"
берлин,"5
"
издание,"5
"
кудрин,"5
"
диплом,"5
"
юсуп,"4
"
дамир,"4
"
проспект,"4
"
мат,"4
"
пол,"4
"
эхо,"4
"
камера,"4
"
идлиб,"4
"
призыв,"4
"
космос,"4
"
беспорядок,"4
"
активист,"4
"
курд,"4
"
оппа,"4
"
олег,"4
"
мёртвый,"4
"
общество,"4
"
бес,"4
"
оборона,"4
"
министр,"4
"
заключение,"4
"
условие,"4
"
план,"4
"
колония,"4
"
жуков,"4
"
проведение,"4
"
париж,"4
"
игра,"4
"
спорт,"4
"
сторонник,"4
"
гордон,"4
"
территория,"4
"
подарок,"4
"
шоу,"4
"
журналистка,"4
"
процесс,"4
"
рамка,"4
"
пострадавший,"4
"
вопль,"4
"
поток,"4
"
строительство,"4
"
край,"4
"
пуск,"4
"
база,"4
"
желание,"4
"
газа,"4
"
газпром,"4
"
политик,"4
"
рука,"4
"
мерзавец,"4
"
метр,"4
"
дамаск,"4
"
публикация,"4
"
порядок,"4
"
оппозиционер,"4
"
команда,"4
"
признание,"4
"
мост,"4
"
конец,"4
"
необходимость,"4
"
требование,"4
"
вид,"4
"
сайт,"4
"
природа,"4
"
служба,"4
"
америка,"4
"
прошлое,"4
"
госдума,"4
"
израиль,"4
"
форум,"4
"
познер,"4
"
миллион,"4
"
минимум,"4
"
хомячок,"4
"
профессор,"4
"
защита,"4
"
письмо,"4
"
вашингтон,"4
"
орган,"4
"
гимн,"4
"
пропаганда,"4
"
истерик,"4
"
описание,"4
"
киселев,"4
"
следствие,"4
"
пуля,"4
"
земля,"4
"
глупец,"4
"
процедура,"4
"
вс,"4
"
смельчак,"4
"
телефон,"4
"
совесть,"4
"
наследник,"4
"
волков,"4
"
россиянка,"4
"
папа,"4
"
логика,"4
"
простой,"4
"
любой,"4
"
рота,"4
"
угроза,"4
"
причина,"4
"
знание,"4
"
хамство,"4
"
неделя,"4
"
область,"4
"
лондон,"4
"
фотография,"4
"
педофил,"4
"
убийца,"4
"
тасс,"4
"
коммунист,"4
"
фраза,"4
"
реакция,"4
"
нацист,"4
"
минск,"4
"
фамилия,"4
"
профессионал,"4
"
диалог,"4
"
вич,"4
"
курс,"4
"
бой,"4
"
февраль,"4
"
множество,"4
"
васильев,"3
"
георгий,"3
"
испытание,"3
"
подсчёт,"3
"
автозак,"3
"
фабрика,"3
"
остров,"3
"
шанс,"3
"
элла,"3
"
кпрф,"3
"
спецназовец,"3
"
километр,"3
"
объект,"3
"
шаман,"3
"
генпрокуратура,"3
"
кучерена,"3
"
внимание,"3
"
посадка,"3
"
фельгенгауэр,"3
"
демократия,"3
"
марка,"3
"
барышня,"3
"
правоохранитель,"3
"
адрес,"3
"
зрение,"3
"
азар,"3
"
полковник,"3
"
слуга,"3
"
гора,"3
"
молодость,"3
"
секрет,"3
"
нато,"3
"
просьба,"3
"
событие,"3
"
заседание,"3
"
либерализм,"3
"
газета,"3
"
бутин,"3
"
эксклюзив,"3
"
рекорд,"3
"
бел,"3
"
операция,"3
"
разработка,"3
"
доверие,"3
"
исследование,"3
"
жертва,"3
"
соколов,"3
"
книга,"3
"
демократ,"3
"
тело,"3
"
геноцид,"3
"
мкс,"3
"
концерт,"3
"
ужас,"3
"
предатель,"3
"
годовщина,"3
"
советник,"3
"
счастие,"3
"
понедельник,"3
"
золото,"3
"
япония,"3
"
дорога,"3
"
размещение,"3
"
латвия,"3
"
мо,"3
"
техника,"3
"
обама,"3
"
правозащитник,"3
"
отмена,"3
"
бук,"3
"
влияние,"3
"
полицейский,"3
"
уничтожение,"3
"
белоруссия,"3
"
соответствие,"3
"
исполком,"3
"
зрада,"3
"
ход,"3
"
подда,"3
"
период,"3
"
фейк,"3
"
запад,"3
"
участие,"3
"
победитель,"3
"
политолог,"3
"
бюджет,"3
"
сенат,"3
"
стукач,"3
"
машина,"3
"
помпео,"3
"
жена,"3
"
насилие,"3
"
пресс,"3
"
продажа,"3
"
завершение,"3
"
убыток,"3
"
месяц,"3
"
истребитель,"3
"
памятник,"3
"
отец,"3
"
площадка,"3
"
смерть,"3
"
беспилотник,"3
"
небо,"3
"
раунд,"3
"
фёдор,"3
"
пленный,"3
"
штурм,"3
"
эстония,"3
"
нафтогаз,"3
"
ес,"3
"
сборная,"3
"
шайба,"3
"
борьба,"3
"
сад,"3
"
студия,"3
"
существование,"3
"
вероятность,"3
"
посещение,"3
"
рождество,"3
"
золотов,"3
"
возраст,"3
"
судно,"3
"
аспирантура,"3
"
юриспруденция,"3
"
слабак,"3
"
девушка,"3
"
соболезнование,"3
"
основа,"3
"
коготь,"3
"
разрешение,"3
"
симпатия,"3
"
обстрел,"3
"
чёрный,"3
"
корабль,"3
"
тегеран,"3
"
мера,"3
"
ликвидация,"3
"
истерика,"3
"
катастрофа,"3
"
запрос,"3
"
бег,"3
"
провинция,"3
"
взрыв,"3
"
комплекс,"3
"
потенциал,"3
"
обсуждение,"3
"
рубеж,"3
"
норма,"3
"
принятие,"3
"
должность,"3
"
интерес,"3
"
платформа,"3
"
бизнес,"3
"
дума,"3
"
маршал,"3
"
комментарий,"3
"
деточка,"3
"
ливия,"3
"
бандёр,"3
"
мозг,"3
"
наука,"3
"
четверг,"3
"
использование,"3
"
кедмить,"3
"
стратегия,"3
"
премьера,"3
"
нацизм,"3
"
назначение,"3
"
гибель,"3
"
яндекс,"3
"
сравнение,"3
"
биография,"3
"
маслов,"3
"
большинство,"3
"
вциома,"3
"
роман,"3
"
пётр,"3
"
коррупция,"3
"
квартира,"3
"
историк,"3
"
клеветник,"3
"
оправдание,"3
"
скандал,"3
"
путь,"3
"
испания,"3
"
портрет,"3
"
еврей,"3
"
любитель,"3
"
светов,"3
"
антисемитизм,"3
"
антисемит,"3
"
москвич,"3
"
иск,"3
"
трусишка,"3
"
компания,"3
"
стилист,"3
"
лешик,"3
"
голубок,"3
"
привет,"3
"
левитан,"3
"
паспорт,"3
"
ходору,"3
"
договорённость,"3
"
рост,"3
"
родитель,"3
"
радость,"3
"
беседа,"3
"
предложение,"3
"
теракт,"3
"
штраф,"3
"
дама,"3
"
мыло,"3
"
страница,"3
"
аудитория,"3
"
конференция,"3
"
высказывание,"3
"
тунберг,"3
"
пояс,"3
"
телевизор,"3
"
мясников,"3
"
заказ,"3
"
блогер,"3
"
шафран,"3
"
подстилка,"3
"
пара,"3
"
ухань,"3
"
укровояка,"3
"
доход,"3
"
пакт,"3
"
пенсионер,"3
"
кабинет,"3
"
статистика,"3
"
основание,"3
"
бред,"3
"
медицина,"3
"
лекарство,"3
"
автобус,"3
"
спортсмен,"3
"
тренер,"3
"
глупость,"3
"
отставка,"3
"
федерация,"3
"
отечество,"3
"
защитник,"3
"
реклама,"3
"
цзиньпин,"3
"
солдат,"3
"
матчасть,"3
"
класс,"3
"
май,"3
"
дмитрия,"2
"
пруф,"2
"
голодовка,"2
"
ивлицкий,"2
"
лётчик,"2
"
авиалиния,"2
"
мурзина,"2
"
дядя,"2
"
оппами,"2
"
характер,"2
"
дания,"2
"
путч,"2
"
плющев,"2
"
академик,"2
"
возражение,"2
"
инсценировка,"2
"
валентин,"2
"
холокост,"2
"
травля,"2
"
лебедь,"2
"
прогулка,"2
"
явлинский,"2
"
нежелание,"2
"
малайзия,"2
"
орешкин,"2
"
рыбина,"2
"
освобождение,"2
"
цик,"2
"
существо,"2
"
голос,"2
"
выборы,"2
"
подкаста,"2
"
режиссёр,"2
"
нацбезопасность,"2
"
твитта,"2
"
штамп,"2
"
третье,"2
"
оценка,"2
"
администрация,"2
"
запас,"2
"
импотенция,"2
"
расследование,"2
"
йемен,"2
"
кокорин,"2
"
член,"2
"
площадь,"2
"
габышев,"2
"
поручительство,"2
"
учение,"2
"
чешкова,"2
"
шаг,"2
"
климат,"2
"
храм,"2
"
вдова,"2
"
евстафьев,"2
"
родственник,"2
"
звание,"2
"
название,"2
"
рубрика,"2
"
восторг,"2
"
трансляция,"2
"
клуб,"2
"
сон,"2
"
гений,"2
"
возможность,"2
"
стража,"2
"
бедняга,"2
"
флаг,"2
"
разгон,"2
"
облако,"2
"
возрождение,"2
"
кндр,"2
"
девочка,"2
"
качество,"2
"
преступник,"2
"
обида,"2
"
ельцин,"2
"
татарин,"2
"
снайпер,"2
"
забрало,"2
"
мертвец,"2
"
парк,"2
"
деятельность,"2
"
приём,"2
"
отличие,"2
"
традиция,"2
"
пенс,"2
"
телеграм,"2
"
сделка,"2
"
формула,"2
"
важность,"2
"
конвой,"2
"
эммануэль,"2
"
прорыв,"2
"
давление,"2
"
дамба,"2
"
фейкньюс,"2
"
троллинг,"2
"
ассанж,"2
"
сантьяго,"2
"
чили,"2
"
мания,"2
"
михеев,"2
"
категория,"2
"
счёт,"2
"
горбачев,"2
"
дилетант,"2
"
краса,"2
"
песня,"2
"
багдади,"2
"
антилопа,"2
"
район,"2
"
ад,"2
"
представитель,"2
"
палата,"2
"
продолжение,"2
"
сценарий,"2
"
невзоров,"2
"
филипка,"2
"
рашкина,"2
"
лист,"2
"
слушатель,"2
"
слив,"2
"
гусейнов,"2
"
человечество,"2
"
интеллект,"2
"
писатель,"2
"
пьяный,"2
"
ещенко,"2
"
бора,"2
"
толпа,"2
"
геращенко,"2
"
возбуждение,"2
"
миссия,"2
"
борис,"2
"
голов,"2
"
армянин,"2
"
резолюция,"2
"
автомобиль,"2
"
санктпетербург,"2
"
путешествие,"2
"
галкин,"2
"
боль,"2
"
лебедев,"2
"
березовский,"2
"
весна,"2
"
дух,"2
"
сын,"2
"
багдасаров,"2
"
мода,"2
"
вакаров,"2
"
драка,"2
"
володимир,"2
"
тимошенко,"2
"
кос,"2
"
юлий,"2
"
съезд,"2
"
спбгу,"2
"
вербицкий,"2
"
людмила,"2
"
дальность,"2
"
выход,"2
"
атмосфера,"2
"
башня,"2
"
нокаут,"2
"
июнь,"2
"
футбол,"2
"
великое,"2
"
рассмотрение,"2
"
состояние,"2
"
турок,"2
"
допрос,"2
"
чеченец,"2
"
банка,"2
"
здание,"2
"
исполнение,"2
"
чирцовый,"2
"
чтение,"2
"
поставка,"2
"
доллар,"2
"
рекомендация,"2
"
джон,"2
"
столица,"2
"
олимпиада,"2
"
запрет,"2
"
арсен,"2
"
прессконференция,"2
"
вад,"2
"
бриони,"2
"
эксмэр,"2
"
сектор,"2
"
задержание,"2
"
всетаки,"2
"
европеец,"2
"
цель,"2
"
оппонент,"2
"
фантазия,"2
"
ребята,"2
"
соприкосновение,"2
"
линия,"2
"
зад,"2
"
профессия,"2
"
товарищ,"2
"
лайфхак,"2
"
украинск,"2
"
твит,"2
"
хинштейн,"2
"
обеспечение,"2
"
импичмент,"2
"
конгресс,"2
"
мусор,"2
"
илья,"2
"
леонид,"2
"
порожняк,"2
"
лубянка,"2
"
стрельба,"2
"
сигнал,"2
"
посол,"2
"
вмешательство,"2
"
литр,"2
"
красота,"2
"
объём,"2
"
прибыль,"2
"
рынок,"2
"
ханука,"2
"
обложка,"2
"
свинья,"2
"
сволочь,"2
"
рак,"2
"
байконур,"2
"
нацпроект,"2
"
реализация,"2
"
механизм,"2
"
направление,"2
"
робот,"2
"
демонстрация,"2
"
кролик,"2
"
петербург,"2
"
офис,"2
"
верификация,"2
"
игрок,"2
"
шлем,"2
"
емельяненко,"2
"
согласование,"2
"
волчек,"2
"
пауза,"2
"
маэстро,"2
"
цб,"2
"
шествие,"2
"
настроение,"2
"
оливья,"2
"
знак,"2
"
багдад,"2
"
вратарь,"2
"
зона,"2
"
ир,"2
"
альарабия,"2
"
прекращение,"2
"
командование,"2
"
работник,"2
"
свержение,"2
"
роскомнадзор,"2
"
ошибка,"2
"
дискуссия,"2
"
начальник,"2
"
специалист,"2
"
шахназар,"2
"
болтун,"2
"
преступление,"2
"
враг,"2
"
структура,"2
"
схема,"2
"
кононенко,"2
"
оскорбление,"2
"
еспч,"2
"
компетенция,"2
"
карл,"2
"
кац,"2
"
сексот,"2
"
жульё,"2
"
жданов,"2
"
посольство,"2
"
осуждение,"2
"
плач,"2
"
албур,"2
"
картина,"2
"
офицер,"2
"
национальность,"2
"
вторжение,"2
"
полумарафон,"2
"
патриарх,"2
"
учреждение,"2
"
поза,"2
"
дагестан,"2
"
обстановка,"2
"
герасимов,"2
"
дева,"2
"
пункт,"2
"
подельник,"2
"
позорище,"2
"
стамбул,"2
"
телеобращение,"2
"
подготовка,"2
"
нация,"2
"
двигатель,"2
"
пассаж,"2
"
телеграмма,"2
"
бизнесмен,"2
"
боинг,"2
"
импотент,"2
"
вылет,"2
"
половина,"2
"
анализ,"2
"
стоун,"2
"
компенсация,"2
"
ответственность,"2
"
пво,"2
"
торговля,"2
"
полёт,"2
"
двор,"2
"
ущерб,"2
"
десяточка,"2
"
каталония,"2
"
чувство,"2
"
зависть,"2
"
выплата,"2
"
доступ,"2
"
стабильность,"2
"
вооружение,"2
"
сфера,"2
"
пространство,"2
"
часть,"2
"
руководитель,"2
"
население,"2
"
кабмина,"2
"
ведомство,"2
"
известие,"2
"
реформа,"2
"
очередь,"2
"
усилие,"2
"
приоритет,"2
"
перепалка,"2
"
взятка,"2
"
получение,"2
"
кандидатура,"2
"
гончарук,"2
"
хафтара,"2
"
зима,"2
"
календарь,"2
"
ожидание,"2
"
среда,"2
"
ветеран,"2
"
протокол,"2
"
пробежка,"2
"
люксембург,"2
"
игорь,"2
"
проект,"2
"
чиновник,"2
"
наставник,"2
"
смена,"2
"
оригинал,"2
"
закулисье,"2
"
отказ,"2
"
рабочий,"2
"
люба,"2
"
протоиерей,"2
"
вертолёт,"2
"
брайант,"2
"
коби,"2
"
ночь,"2
"
процент,"2
"
беларусь,"2
"
чудо,"2
"
журнал,"2
"
короновирус,"2
"
китаец,"2
"
лёшик,"2
"
битва,"2
"
подвиг,"2
"
проверка,"2
"
заявка,"2
"
спонсор,"2
"
вера,"2
"
атеист,"2
"
водка,"2
"
шутка,"2
"
тина,"2
"
дудема,"2
"
конкретика,"2
"
презрение,"2
"
дурь,"2
"
миша,"2
"
англия,"2
"
албуров,"2
"
адагамов,"2
"
грудинин,"2
"
болезнь,"2
"
живой,"2
"
угол,"2
"
дружка,"2
"
анекдот,"2
"
членство,"2
"
изучение,"2
"
опыт,"2
"
предприниматель,"2
"
мечта,"2
"
таблеточка,"2
"
психика,"2
"
сержант,"2
"
старший,"2
"
спецназ,"2
"
карабах,"2
"
мурло,"2
"
заказчик,"2
"
ярд,"2
"
вилла,"2
"
кумир,"2
"
бок,"2
"
светлана,"2
"
гражданство,"2
"
мерзость,"2
"
гадость,"2
"
пакет,"2
"
выполнение,"2
"
степень,"2
"
грипп,"2
"
конкурс,"2
"
сандерс,"2
"
гонка,"2
"
правота,"2
"
хозяин,"2
"
кофе,"2
"
узбекистан,"2
"
обзор,"2
"
домысел,"2
"
голунов,"2
"
брак,"2
"
аргумент,"2
"
смертность,"2
"
лень,"2
"
вино,"2
"
здравоохранение,"2
"
риска,"2
"
роскосмос,"2
"
красовский,"2
"
сутки,"2
"
сводка,"2
"
спецслужба,"2
"
подробность,"2
"
смска,"2
"
настоящее,"2
"
обещание,"2
"
горец,"2
"
культура,"2
"
пассажир,"2
"
евгений,"2
"
номер,"2
"
биатлонист,"2
"
медик,"2
"
понимание,"2
"
мб,"2
"
наиль,"2
"
польза,"2
"
критерий,"2
"
количество,"2
"
позор,"2
"
коронавирус,"2
"
логинов,"2
"
воин,"2
"
дебаты,"2
"
изоля,"1
"
левада,"1
"
воровство,"1
"
странемень,"1
"
округа,"1
"
мосгордума,"1
"
опровержение,"1
"
призрак,"1
"
опор,"1
"
достоверность,"1
"
инсулин,"1
"
достовера,"1
"
обрадование,"1
"
либераст,"1
"
племянник,"1
"
слюна,"1
"
вольтер,"1
"
знаток,"1
"
монолог,"1
"
достоевский,"1
"
димитрий,"1
"
митя,"1
"
гоголь,"1
"
отпуск,"1
"
лидерство,"1
"
прошедшее,"1
"
реж,"1
"
экстремизм,"1
"
эпизод,"1
"
комиссия,"1
"
гражда,"1
"
террор,"1
"
благодарность,"1
"
хайдер,"1
"
смех,"1
"
росгварди,"1
"
символ,"1
"
щука,"1
"
шахрина,"1
"
рецепт,"1
"
рабино,"1
"
фара,"1
"
омон,"1
"
поп,"1
"
стая,"1
"
авария,"1
"
екатер,"1
"
алия слякаев,"1
"
 дмитрия,"1
"
мурзинбортпроводник,"1
"
авиалинь,"1
"
минздрав,"1
"
алий,"1
"
ягодин,"1
"
ян,"1
"
бортпроводник,"1
"
высоцкий,"1
"
ответка,"1
"
зина,"1
"
десятка,"1
"
спекуляция,"1
"
всег,"1
"
самомнение,"1
"
согражданин,"1
"
буонапарта,"1
"
корсика,"1
"
аяччо,"1
"
наполеон,"1
"
шэньчжэн,"1
"
мужество,"1
"
орден,"1
"
экипаж,"1
"
указ,"1
"
маечек,"1
"
джейкобс,"1
"
гуляние,"1
"
илиада,"1
"
анна,"1
"
упомь,"1
"
сотня,"1
"
мужч,"1
"
яшин,"1
"
намёк,"1
"
пещера,"1
"
флешмоб,"1
"
общественность,"1
"
разумковы,"1
"
полугодие,"1
"
затрата,"1
"
тоня,"1
"
уверенность,"1
"
брегансон,"1
"
форт,"1
"
мясник,"1
"
борец,"1
"
съёмка,"1
"
бульвар,"1
"
красиенко,"1
"
ярослав,"1
"
сейч,"1
"
воля,"1
"
партиюдональ,"1
"
магазин,"1
"
ростропович,"1
"
пупкина,"1
"
голодомор,"1
"
иловайск,"1
"
правописание,"1
"
англтерминология,"1
"
сраж,"1
"
человечек,"1
"
сектант,"1
"
судтюрьмасибирь,"1
"
описатьоб,"1
"
полгода,"1
"
продолжительность,"1
"
вибрация,"1
"
посиделки,"1
"
вероника,"1
"
возврат,"1
"
ньюс,"1
"
министерство,"1
"
чеготь,"1
"
жуть,"1
"
злоупотребление,"1
"
климкина,"1
"
ферма,"1
"
гаспарян,"1
"
обсужда,"1
"
копенгаген,"1
"
налё,"1
"
аргон,"1
"
суслик,"1
"
сито,"1
"
мосгоризбирок,"1
"
представление,"1
"
фальсификация,"1
"
гренландия,"1
"
мор,"1
"
транш,"1
"
активность,"1
"
пелевин,"1
"
гкчп,"1
"
рыцарь,"1
"
репортёр,"1
"
троллита,"1
"
подм,"1
"
нуффффффссссссё,"1
"
классика,"1
"
сущность,"1
"
грех,"1
"
вьетнам,"1
"
стен,"1
"
плакат,"1
"
пиарщик,"1
"
сердце,"1
"
картинка,"1
"
зеркало,"1
"
быдло,"1
"
штаны,"1
"
боб,"1
"
губка,"1
"
мультипликация,"1
"
испра,"1
"
дефект,"1
"
глагол,"1
"
мясо,"1
"
манифест,"1
"
редактор,"1
"
счётчик,"1
"
сказка,"1
"
баранка,"1
"
содержанка,"1
"
митингаконцерт,"1
"
вгтрк,"1
"
дружков,"1
"
кенедь,"1
"
проститутка,"1
"
течение,"1
"
вход,"1
"
красавчик,"1
"
ковалёва,"1
"
митингконцерт,"1
"
фараон,"1
"
кова,"1
"
разоблачение,"1
"
страданияновость,"1
"
предрассудок,"1
"
нетаньяха,"1
"
казак,"1
"
интернетвоин,"1
"
массовка,"1
"
бюджетник,"1
"
пюрер,"1
"
умаа,"1
"
контроль,"1
"
изпод,"1
"
пот,"1
"
возникновение,"1
"
нейросеть,"1
"
органичение,"1
"
мксфедора,"1
"
набиуллин,"1
"
гигант,"1
"
орда,"1
"
производство,"1
"
авиасалон,"1
"
правоохра,"1
"
интернетпользователь,"1
"
деанонимизация,"1
"
дозор,"1
"
политкомпромат,"1
"
дебальцево,"1
"
станция,"1
"
лисица,"1
"
пианистка,"1
"
нога,"1
"
масло,"1
"
номинация,"1
"
балл,"1
"
анонимность,"1
"
скачка,"1
"
разорение,"1
"
изолятор,"1
"
норманда,"1
"
четвёрка,"1
"
хангошвили,"1
"
встраница,"1
"
участь,"1
"
комментариис,"1
"
маск,"1
"
илона,"1
"
империя,"1
"
департамент,"1
"
отделение,"1
"
подъезд,"1
"
батьк,"1
"
фракция,"1
"
лицемер,"1
"
донбас,"1
"
укрепление,"1
"
григор,"1
"
откос,"1
"
перемирие,"1
"
провокатор,"1
"
мелания,"1
"
трампкосмос,"1
"
милитаризация,"1
"
неизбежность,"1
"
походка,"1
"
демонизация,"1
"
явление,"1
"
радиостанция,"1
"
контакт,"1
"
суета,"1
"
растление,"1
"
расчленение,"1
"
парфюмер,"1
"
темена,"1
"
захарченко,"1
"
предупреждение,"1
"
график,"1
"
перекрёсток,"1
"
минутка,"1
"
подписание,"1
"
хасавюрт,"1
"
вандал,"1
"
мышление,"1
"
зачаток,"1
"
клише,"1
"
отмывшик,"1
"
пульс,"1
"
ножка,"1
"
отмывание,"1
"
националист,"1
"
немец,"1
"
мотоциклист,"1
"
онижеребёнок,"1
"
лжеци,"1
"
троль,"1
"
преступа,"1
"
кодла,"1
"
пластинка,"1
"
богиня,"1
"
фьюри,"1
"
финансирование,"1
"
кольцо,"1
"
молодец,"1
"
велосипедист,"1
"
бегун,"1
"
прочтение,"1
"
желвак,"1
"
москвакремльпутин,"1
"
дкиселев,"1
"
тропа,"1
"
ляскина,"1
"
огонь,"1
"
виновнымий,"1
"
росгвардеец,"1
"
баллончик,"1
"
подкопаев,"1
"
гальперин,"1
"
колониия,"1
"
егор,"1
"
прокурор,"1
"
вбочаров,"1
"
реалия,"1
"
росг,"1
"
фсвтс,"1
"
индия,"1
"
альба,"1
"
ставка,"1
"
е,"1
"
проба,"1
"
неуплата,"1
"
капон,"1
"
байка,"1
"
практика,"1
"
статистка,"1
"
дно,"1
"
улюкай,"1
"
элита,"1
"
влас,"1
"
позитив,"1
"
паук,"1
"
мамаев,"1
"
папаша,"1
"
терроризм,"1
"
стан,"1
"
конгрессмен,"1
"
поделка,"1
"
разбор,"1
"
тулун,"1
"
изнанка,"1
"
ограбление,"1
"
поддерж,"1
"
басаев,"1
"
обозреватель,"1
"
тролита,"1
"
мысль,"1
"
властит,"1
"
халатность,"1
"
вина,"1
"
виновник,"1
"
чикова,"1
"
мужик,"1
"
отпрыск,"1
"
порода,"1
"
панацея,"1
"
тип,"1
"
подлость,"1
"
борисполь,"1
"
отряд,"1
"
внуково,"1
"
трап,"1
"
цемах,"1
"
гаага,"1
"
карабалаев,"1
"
вышинск,"1
"
порье,"1
"
дастина,"1
"
титул,"1
"
нурмагомед,"1
"
хабиб,"1
"
ре,"1
"
спонтанность,"1
"
особенность,"1
"
фейками,"1
"
запись,"1
"
карта,"1
"
турчак,"1
"
ер,"1
"
матрещинник,"1
"
лдпр,"1
"
матрещека,"1
"
дерь,"1
"
губа,"1
"
вброса,"1
"
вотвота,"1
"
зелинский,"1
"
гурьянов,"1
"
маркс,"1
"
попсоя,"1
"
донос,"1
"
написание,"1
"
главред,"1
"
админ,"1
"
смоленок,"1
"
песковя,"1
"
танкахосенцов,"1
"
беседин,"1
"
дарья,"1
"
болтон,"1
"
могильщик,"1
"
башар,"1
"
рывок,"1
"
прохан,"1
"
премия,"1
"
серебренников,"1
"
конференцколл,"1
"
инст,"1
"
максимум,"1
"
фейка,"1
"
альфа,"1
"
командир,"1
"
в связь,"1
"
махачкала,"1
"
ботлихо,"1
"
тост,"1
"
рюмка,"1
"
мудрость,"1
"
ультраревол,"1
"
расчеловечивание,"1
"
каннибализм,"1
"
навальна,"1
"
пик,"1
"
революционер,"1
"
павло,"1
"
лаврентий,"1
"
мальдивы,"1
"
нары,"1
"
злодей,"1
"
гульбище,"1
"
неповтор,"1
"
поклонник,"1
"
самоповтор,"1
"
пелевинск,"1
"
спецоперация,"1
"
хамза,"1
"
осама,"1
"
биток,"1
"
кофемания,"1
"
гламур,"1
"
репрессия,"1
"
забава,"1
"
глупышка,"1
"
др,"1
"
пушка,"1
"
залп,"1
"
родимцев,"1
"
гвардеец,"1
"
ламар,"1
"
халкома,"1
"
британия,"1
"
оператор,"1
"
балансировк,"1
"
распоряжение,"1
"
раскупориван,"1
"
лгрэм,"1
"
сенатор,"1
"
месторождение,"1
"
резерв,"1
"
бол,"1
"
эггерт,"1
"
слава,"1
"
пекин,"1
"
отдых,"1
"
блэкаут,"1
"
распрос,"1
"
суверенитет,"1
"
астанинский,"1
"
роухани,"1
"
изгнание,"1
"
эффективность,"1
"
рухани,"1
"
анкара,"1
"
коран,"1
"
фиаско,"1
"
упрямство,"1
"
ветер,"1
"
покупка,"1
"
тёпа,"1
"
хозяйство,"1
"
обжаловалифлэшмоб,"1
"
адвокатприговор,"1
"
природоведение,"1
"
урок,"1
"
шарик,"1
"
витя,"1
"
аватковы,"1
"
мамай,"1
"
кургинян,"1
"
хайп,"1
"
трик,"1
"
филиппо,"1
"
великобританиейфлориана,"1
"
переработка,"1
"
добыча,"1
"
хит,"1
"
сальса,"1
"
танец,"1
"
португалия,"1
"
профсоюз,"1
"
наказание,"1
"
несправедливость,"1
"
грозный,"1
"
пожар,"1
"
проведеныкакий,"1
"
всплыликакий,"1
"
лимит,"1
"
диспансер,"1
"
якутск,"1
"
бурятия,"1
"
узник,"1
"
психиатрия,"1
"
посвященияиля,"1
"
обряд,"1
"
шаманоместь,"1
"
харак,"1
"
райкин,"1
"
росгвардия,"1
"
фаза,"1
"
карьер,"1
"
соображение,"1
"
восток,"1
"
продвижение,"1
"
отвлечение,"1
"
шаманвоин,"1
"
укрокибер,"1
"
девочк,"1
"
потуга,"1
"
сычуаня,"1
"
выгляд,"1
"
запах,"1
"
килограмм,"1
"
боксёр,"1
"
поколение,"1
"
мосфильм,"1
"
павильон,"1
"
помеха,"1
"
бокс,"1
"
петушок,"1
"
молотоварибба,"1
"
расход,"1
"
сокращение,"1
"
распространитель,"1
"
стенограмма,"1
"
штабквартира,"1
"
ширак,"1
"
жак,"1
"
савченко,"1
"
дорожка,"1
"
рукопожатность,"1
"
союзафг,"1
"
опра,"1
"
крымчанин,"1
"
политикума,"1
"
учебник,"1
"
помешательство,"1
"
волкер,"1
"
мадуровоскр,"1
"
интерьер,"1
"
блокбастер,"1
"
сквер,"1
"
гость,"1
"
волонтероппозиционер,"1
"
тезис,"1
"
убивата,"1
"
политзаключённый,"1
"
урна,"1
"
медпомощь,"1
"
экипировка,"1
"
проплата,"1
"
уверение,"1
"
арктика,"1
"
мёд,"1
"
яблоко,"1
"
умэтук,"1
"
шана,"1
"
люд,"1
"
заимствование,"1
"
гребенщик,"1
"
укус,"1
"
ватсон,"1
"
стилистика,"1
"
поддавки,"1
"
парад,"1
"
григорьев,"1
"
петербуржец,"1
"
винокуров,"1
"
госпожа,"1
"
катя,"1
"
кремамитак,"1
"
лак,"1
"
кон,"1
"
инстанция,"1
"
виновность,"1
"
иза,"1
"
возбуждел,"1
"
авакова,"1
"
опорос,"1
"
росстат,"1
"
свидетельствуют результат,"1
"
ваучер,"1
"
дели,"1
"
скотч,"1
"
пукан,"1
"
полчасика,"1
"
укро,"1
"
бесконечность,"1
"
соблюдение,"1
"
должное,"1
"
алиев,"1
"
азербайджан,"1
"
терпение,"1
"
трудолюбие,"1
"
рамблерновость,"1
"
со слушатель,"1
"
о конфликт,"1
"
татарстан,"1
"
капустин,"1
"
владислав,"1
"
похороны,"1
"
какниб,"1
"
винчи,"1
"
леонардо,"1
"
срыв,"1
"
злоба,"1
"
гоцян,"1
"
цай,"1
"
художник,"1
"
фейерверк,"1
"
мосгорсуд,"1
"
рябок,"1
"
куб,"1
"
собачка,"1
"
причиндал,"1
"
пианино,"1
"
зель,"1
"
одиночка,"1
"
тупоумие,"1
"
поляк,"1
"
пёс,"1
"
распознавание,"1
"
проектор,"1
"
ноухау,"1
"
покрышка,"1
"
эксглава,"1
"
доля,"1
"
рояль,"1
"
костя,"1
"
взглядова,"1
"
зависимость,"1
"
таксист,"1
"
такси,"1
"
енисей,"1
"
багрец,"1
"
увядание,"1
"
очарование,"1
"
око,"1
"
муж,"1
"
спальня,"1
"
купол,"1
"
лоск,"1
"
гребенщиков,"1
"
гитлерматериал,"1
"
престолонаследование,"1
"
петра,"1
"
царь,"1
"
стрелец,"1
"
молодой,"1
"
ворот,"1
"
свершение,"1
"
муха,"1
"
повелитель,"1
"
карикатура,"1
"
простор,"1
"
минюст,"1
"
франкенштейн,"1
"
донатор,"1
"
стат,"1
"
нормандий,"1
"
высадка,"1
"
эльайн,"1
"
раса,"1
"
миротворец,"1
"
нуна,"1
"
онто,"1
"
линц,"1
"
эмиссар,"1
"
чистота,"1
"
честность,"1
"
пресмарафон,"1
"
артём,"1
"
дзюбинатор,"1
"
снос,"1
"
декоммунизация,"1
"
запорожье,"1
"
мораторий,"1
"
библия,"1
"
щелч,"1
"
саратов,"1
"
марьино,"1
"
прокуратура,"1
"
леонов,"1
"
возвращение,"1
"
имущество,"1
"
арест,"1
"
мотив,"1
"
нож,"1
"
манчестер,"1
"
осеньподмосковье,"1
"
хагибис,"1
"
тайфун,"1
"
загон,"1
"
заба,"1
"
возращение,"1
"
совещание,"1
"
ритм,"1
"
мелодия,"1
"
продукт,"1
"
трэк,"1
"
подгузник,"1
"
барак,"1
"
вицепрезидент,"1
"
байден,"1
"
репост,"1
"
кипр,"1
"
мышь,"1
"
укросми,"1
"
хмеймим,"1
"
информированность,"1
"
низка,"1
"
вильнюс,"1
"
носитель,"1
"
москвичка,"1
"
учитель,"1
"
вкус,"1
"
красавец,"1
"
черчёс,"1
"
шире,"1
"
юморист,"1
"
шарлотсвилла,"1
"
жестокость,"1
"
сокира,"1
"
тусовка,"1
"
конституца,"1
"
угода,"1
"
путинизм,"1
"
подделка,"1
"
подпись,"1
"
онина,"1
"
уклон,"1
"
утверждение,"1
"
лига,"1
"
спокойствие,"1
"
ярость,"1
"
смиучастник,"1
"
эмират,"1
"
оаэ,"1
"
манбидж,"1
"
салам,"1
"
станислав,"1
"
эрдогана,"1
"
молоточек,"1
"
эрдоганомма,"1
"
трампсша,"1
"
игкаждая,"1
"
франс,"1
"
курдистан,"1
"
эко,"1
"
порча,"1
"
эффективностианалитик,"1
"
аналитика,"1
"
генассамблея,"1
"
перенос,"1
"
медицинурегион,"1
"
политичёс,"1
"
сянган,"1
"
инструктор,"1
"
игравос,"1
"
брекзита,"1
"
горячее,"1
"
суббота,"1
"
сепаратист,"1
"
барселона,"1
"
штайнмайер,"1
"
табка,"1
"
расска,"1
"
функционирование,"1
"
санктпетербургеаспушкин,"1
"
наблюдение,"1
"
сейчасвосстание,"1
"
бронетехника,"1
"
отпра,"1
"
джонсон,"1
"
отсрочка,"1
"
северовосток,"1
"
любим,"1
"
кресло,"1
"
дэвис,"1
"
гражданка,"1
"
дема,"1
"
аутсорсинг,"1
"
матецкий,"1
"
поздравление,"1
"
экстрадиция,"1
"
джулиан,"1
"
грузовик,"1
"
шульман,"1
"
подвальчик,"1
"
гиннесса,"1
"
попадание,"1
"
демонстрант,"1
"
игил,"1
"
боевик,"1
"
свидание,"1
"
травмып,"1
"
скора,"1
"
норвегия,"1
"
заголовок,"1
"
величие,"1
"
песнь,"1
"
водитель,"1
"
прокуратор,"1
"
сколково,"1
"
оселедец,"1
"
рунет,"1
"
перестройка,"1
"
фигна,"1
"
генералов,"1
"
развал,"1
"
шуточка,"1
"
ответственнос,"1
"
заёмщик,"1
"
кредит,"1
"
поручитель,"1
"
афганистан,"1
"
бригада,"1
"
батальон,"1
"
боец,"1
"
словарь,"1
"
реабилитация,"1
"
ива,"1
"
тачил,"1
"
багажник,"1
"
хрен,"1
"
чувак,"1
"
трак,"1
"
машинка,"1
"
экран,"1
"
бурундия,"1
"
котор,"1
"
смахиван,"1
"
кнопка,"1
"
кукуглава,"1
"
тим,"1
"
закупка,"1
"
раскол,"1
"
молоколукашенко,"1
"
холл,"1
"
травиата,"1
"
верди,"1
"
джузеппе,"1
"
опера,"1
"
застольная,"1
"
певец,"1
"
информацио,"1
"
бериша,"1
"
сооружение,"1
"
авиаудар,"1
"
туннель,"1
"
апрель,"1
"
мессенджер,"1
"
демшиза,"1
"
читатель,"1
"
семченко,"1
"
перерыв,"1
"
степанов,"1
"
отвод,"1
"
силовик,"1
"
ополченец,"1
"
хасик,"1
"
бат,"1
"
калгари,"1
"
лакросс,"1
"
свечников,"1
"
газопровод,"1
"
конфета,"1
"
хэллоуин,"1
"
альбагдасть,"1
"
ватник,"1
"
телемост,"1
"
киселёвск,"1
"
одессит,"1
"
розыск,"1
"
выдума,"1
"
богдан,"1
"
атташе,"1
"
подлог,"1
"
бабченко,"1
"
кремльпутин,"1
"
дпесков,"1
"
удовольствие,"1
"
кулак,"1
"
михайло,"1
"
князь,"1
"
новгород,"1
"
кремльсобор,"1
"
чужое,"1
"
белорус,"1
"
рбк,"1
"
эго,"1
"
неоднознач,"1
"
проживание,"1
"
русофоб,"1
"
благосостояние,"1
"
шеврон,"1
"
укронацист,"1
"
самоубийстваэта,"1
"
инструкция,"1
"
касимов,"1
"
рязань,"1
"
отчётность,"1
"
любимов,"1
"
из татарстан,"1
"
за оскорбление,"1
"
ивановичастёб,"1
"
медиа,"1
"
фейспалма,"1
"
смайлик,"1
"
компактдиск,"1
"
рентген,"1
"
прообраз,"1
"
спутник,"1
"
гасан,"1
"
кампания,"1
"
очки,"1
"
историкрасчленитель,"1
"
ресурс,"1
"
цензура,"1
"
максим,"1
"
помойка,"1
"
буря,"1
"
явка,"1
"
какаять,"1
"
река,"1
"
анастасия,"1
"
доцент,"1
"
анастасий,"1
"
манифестант,"1
"
будни,"1
"
лениздатра,"1
"
симоньян,"1
"
маргарита,"1
"
атрибут,"1
"
украинар,"1
"
преследование,"1
"
констраница,"1
"
марс,"1
"
эксперимент,"1
"
хэбэй,"1
"
еженедельник,"1
"
ньюджерси,"1
"
провал,"1
"
завера,"1
"
астронавт,"1
"
унижение,"1
"
поклонской,"1
"
оппах,"1
"
артемий,"1
"
надежда,"1
"
рыжий,"1
"
исаев,"1
"
никита,"1
"
рупор,"1
"
гостиница,"1
"
передвижение,"1
"
жилет,"1
"
сочинение,"1
"
собрание,"1
"
помпезность,"1
"
полноформатность,"1
"
перевод,"1
"
миллер,"1
"
бог,"1
"
роджер,"1
"
смиэта,"1
"
откровение,"1
"
дуда,"1
"
низ,"1
"
чёрт,"1
"
женя,"1
"
код,"1
"
михалков,"1
"
катер,"1
"
гайчук,"1
"
виктор,"1
"
молдова,"1
"
служение,"1
"
президентство,"1
"
щетина,"1
"
браслетик,"1
"
лекция,"1
"
ранение,"1
"
масшт,"1
"
патриот,"1
"
константинополец,"1
"
аркадий,"1
"
семён,"1
"
сказ,"1
"
эротоман,"1
"
народофоб,"1
"
интеллигенция,"1
"
третьяк,"1
"
грэг,"1
"
василь,"1
"
янелох,"1
"
баттл,"1
"
вайнер,"1
"
токшоу,"1
"
керченск,"1
"
оборудование,"1
"
кража,"1
"
обсе,"1
"
лукаш,"1
"
серебряник,"1
"
токиолавр,"1
"
шоколадныйзаяц,"1
"
петро,"1
"
сдада,"1
"
конъюнктурщик,"1
"
словоблуд,"1
"
россиилидер,"1
"
цензурирование,"1
"
совпадение,"1
"
фалькатус,"1
"
ректор,"1
"
цзинь,"1
"
надпись,"1
"
венокактивист,"1
"
ганус,"1
"
юрий,"1
"
завхоз,"1
"
оладушка,"1
"
приветствие,"1
"
осведомлённость,"1
"
кальюлайда,"1
"
керсть,"1
"
мотивация,"1
"
еда,"1
"
кот,"1
"
дискомфорт,"1
"
скоротг,"1
"
руль,"1
"
трасса,"1
"
прощание,"1
"
иванов,"1
"
спецпредставитель,"1
"
журавко,"1
"
боливия,"1
"
вещание,"1
"
широта,"1
"
мерахгазпром,"1
"
стокгольм,"1
"
арбитраж,"1
"
ходатайство,"1
"
доброжелательность,"1
"
пиза,"1
"
карандаш,"1
"
бровь,"1
"
издевательство,"1
"
солнце,"1
"
евроноябрь,"1
"
су,"1
"
замначальник,"1
"
запуск,"1
"
исламист,"1
"
гуманизм,"1
"
поединок,"1
"
раундед,"1
"
кокляева,"1
"
хук,"1
"
шея,"1
"
парка,"1
"
бельгия,"1
"
жереьёвка,"1
"
марков,"1
"
лох,"1
"
кортеж,"1
"
велосипед,"1
"
цепь,"1
"
сальников,"1
"
очистка,"1
"
ресторан,"1
"
ссср михаил,"1
"
бронемашина,"1
"
подрыв,"1
"
предустановка,"1
"
фоточка,"1
"
январ,"1
"
главарь,"1
"
заместитель,"1
"
брат,"1
"
ридус,"1
"
бурлаков,"1
"
паралимпиец,"1
"
в твоих,"1
"
феня,"1
"
банк,"1
"
сторож,"1
"
токай,"1
"
казахстан,"1
"
смирнов,"1
"
аудиофрагмент,"1
"
стул,"1
"
виновный,"1
"
завывание,"1
"
риббентроп,"1
"
молотов,"1
"
свинарник,"1
"
гордость,"1
"
приговый,"1
"
критик,"1
"
мартинцы,"1
"
лесной,"1
"
стенка,"1
"
недра,"1
"
обязательство,"1
"
объединение,"1
"
путы,"1
"
интеграция,"1
"
развязка,"1
"
покуп,"1
"
согласоватьисточник,"1
"
пятница,"1
"
румас,"1
"
ручей,"1
"
резиденция,"1
"
пуща,"1
"
гол,"1
"
автономия,"1
"
когдато,"1
"
мечтатель,"1
"
леннон,"1
"
яйцо,"1
"
очередьгеоргий,"1
"
турнир,"1
"
госслужащий,"1
"
голубь,"1
"
авак,"1
"
мендель,"1
"
коммюнике,"1
"
москальков,"1
"
кириенко,"1
"
окружение,"1
"
лужков,"1
"
авантюрист,"1
"
мурманск,"1
"
юбилей,"1
"
преддверие,"1
"
дипломат,"1
"
высылка,"1
"
оглашение,"1
"
хоккей,"1
"
сшаглава,"1
"
законопроёк,"1
"
комсомольс,"1
"
гурнов,"1
"
телевидение,"1
"
триполи,"1
"
наступление,"1
"
приказ,"1
"
пилотаж,"1
"
кайрис,"1
"
юргис,"1
"
приглашение,"1
"
трёп,"1
"
правитель,"1
"
отсутствие,"1
"
нтвшник,"1
"
въезд,"1
"
госпогранслужба,"1
"
обувь,"1
"
мажук,"1
"
денис,"1
"
горло,"1
"
дима,"1
"
ураааааааа,"1
"
сцкк,"1
"
представительство,"1
"
мечтательрусофоб,"1
"
подонок,"1
"
дворец,"1
"
вражда,"1
"
разжигание,"1
"
возобновление,"1
"
приближение,"1
"
ёлка,"1
"
бандеровецт,"1
"
стопа,"1
"
нечисть,"1
"
порохобот,"1
"
пасквиль,"1
"
участок,"1
"
ностальгия,"1
"
придурок,"1
"
стаканчик,"1
"
медведчук,"1
"
рабин,"1
"
вадим,"1
"
внутрен,"1
"
вступление,"1
"
минэкономики,"1
"
травка,"1
"
истина,"1
"
монополия,"1
"
тематика,"1
"
тупизна,"1
"
русофобия,"1
"
самеахс,"1
"
секунда,"1
"
невмешательство,"1
"
комсомольсканаамур,"1
"
колхозник,"1
"
варша,"1
"
космодром,"1
"
протон,"1
"
пролив,"1
"
поезд,"1
"
проход,"1
"
инфоцентр,"1
"
космонавтика,"1
"
киргизия,"1
"
видеоонлайна,"1
"
синод,"1
"
лапк,"1
"
театр,"1
"
галина,"1
"
современник,"1
"
ялта,"1
"
семёрка,"1
"
восьмёрка,"1
"
стимул,"1
"
тайна,"1
"
воскресение,"1
"
хэйтон,"1
"
барретта,"1
"
джексон,"1
"
куинтон,"1
"
колонна,"1
"
транзит,"1
"
вена,"1
"
тюрьма,"1
"
госизмена,"1
"
мехти,"1
"
табаков,"1
"
кладбище,"1
"
поддержка,"1
"
пользование,"1
"
кучка,"1
"
стадия,"1
"
тысячелетие,"1
"
презь,"1
"
бокал,"1
"
инфляция,"1
"
поступок,"1
"
отрасль,"1
"
коля,"1
"
темник,"1
"
голод,"1
"
хлебальник,"1
"
ктотакий,"1
"
капля,"1
"
виза,"1
"
вавилон,"1
"
опус,"1
"
салат,"1
"
эскалация,"1
"
ошибкаубийство,"1
"
звонок,"1
"
урар,"1
"
персонаж,"1
"
кислов,"1
"
пропагандист,"1
"
душевая,"1
"
герма,"1
"
скрипаль,"1
"
морозов,"1
"
нанесение,"1
"
альмухандис,"1
"
жалоба,"1
"
странытво,"1
"
коалиция,"1
"
кения,"1
"
пентагон,"1
"
контракт,"1
"
нахождение,"1
"
иракец,"1
"
хусейн,"1
"
пауэлла,"1
"
колин,"1
"
пробирка,"1
"
не за молодёжь,"1
"
учитьс,"1
"
острослов,"1
"
клоун,"1
"
субстанция,"1
"
кусок,"1
"
недофюрер,"1
"
юлита,"1
"
уголовник,"1
"
профиль,"1
"
вуз,"1
"
ноготь,"1
"
оплата,"1
"
перево,"1
"
полномочие,"1
"
рем,"1
"
ремесло,"1
"
серукан,"1
"
болтунишка,"1
"
продолжатель,"1
"
шувалов,"1
"
серуканов,"1
"
актёр,"1
"
отлич,"1
"
радийной,"1
"
присутствие,"1
"
нациковы,"1
"
переписка,"1
"
ничтожество,"1
"
меморанд,"1
"
пересказ,"1
"
сова,"1
"
моралист,"1
"
володин,"1
"
констатация,"1
"
карьера,"1
"
стукачка,"1
"
перо,"1
"
слизняк,"1
"
познание,"1
"
бездарь,"1
"
справка,"1
"
боев,"1
"
конкурент,"1
"
рпц,"1
"
предстоятеля,"1
"
марафо,"1
"
русь,"1
"
танк,"1
"
бд,"1
"
кафедра,"1
"
дырочка,"1
"
учёба,"1
"
коррупцион,"1
"
какашин,"1
"
пингвин,"1
"
крик,"1
"
сектанство,"1
"
изображение,"1
"
икона,"1
"
посетилсобор,"1
"
институт,"1
"
диссера,"1
"
абдул,"1
"
говый,"1
"
прессслужба,"1
"
аккаунт,"1
"
развитие,"1
"
залив,"1
"
лайнер,"1
"
возгорание,"1
"
авиакатастрофапосольство,"1
"
удавка,"1
"
столкновение,"1
"
траур,"1
"
людив,"1
"
скорость,"1
"
унисон,"1
"
гейропой,"1
"
балабанов,"1
"
нурбагандов,"1
"
магомед,"1
"
причастность,"1
"
нациками,"1
"
авианосец,"1
"
модель,"1
"
флот,"1
"
премьерми,"1
"
землявоздух,"1
"
союзник,"1
"
канада,"1
"
разведка,"1
"
взлёт,"1
"
ящик,"1
"
расшифровка,"1
"
отчёт,"1
"
икао,"1
"
авиация,"1
"
шэрон,"1
"
вмс,"1
"
эсминец,"1
"
случ,"1
"
иривоенный,"1
"
генштаб,"1
"
сула,"1
"
ребро,"1
"
годик,"1
"
простота,"1
"
мудрец,"1
"
студент,"1
"
в варшава,"1
"
реальность,"1
"
кассема,"1
"
леса,"1
"
затулин,"1
"
константин,"1
"
триллион,"1
"
освенцим,"1
"
сообщество,"1
"
таррагона,"1
"
завод,"1
"
усик,"1
"
сельхозпродукция,"1
"
экспорт,"1
"
ввп,"1
"
послание,"1
"
годава,"1
"
капитал,"1
"
миропорядок,"1
"
планета,"1
"
держава,"1
"
десятилетие,"1
"
обороноспособность,"1
"
акт,"1
"
жительство,"1
"
принцип,"1
"
мрот,"1
"
губернаторов,"1
"
госсовет,"1
"
зам,"1
"
вертикаль,"1
"
законность,"1
"
обновление,"1
"
сменяемость,"1
"
кризис,"1
"
застой,"1
"
издержка,"1
"
барьер,"1
"
управление,"1
"
бедность,"1
"
цифровизация,"1
"
нерв,"1
"
михаил,"1
"
мишустинфракция,"1
"
минх,"1
"
гарри,"1
"
нервничаютпредставитель,"1
"
дебатовуоррен,"1
"
уоррен,"1
"
подозрение,"1
"
коми,"1
"
фейсбук,"1
"
перемена,"1
"
табличка,"1
"
российско,"1
"
господин,"1
"
снег,"1
"
лёд,"1
"
фотобанк,"1
"
лужники,"1
"
госдеп,"1
"
переворот,"1
"
тыл,"1
"
труженик,"1
"
забугор,"1
"
деятель,"1
"
скамейка,"1
"
тоталитаризм,"1
"
форма,"1
"
стаж,"1
"
вермахт,"1
"
запятая,"1
"
петух,"1
"
существой,"1
"
дружба,"1
"
налоговик,"1
"
гудков,"1
"
домик,"1
"
великобритания,"1
"
исключение,"1
"
генсек,"1
"
гутерреш,"1
"
чутьчутьпутин,"1
"
порусскипутин,"1
"
коммерсантъ,"1
"
инвестор,"1
"
скабеева,"1
"
конфликт,"1
"
пророчёски,"1
"
гардиана,"1
"
краснов,"1
"
шухевич,"1
"
гёббельс,"1
"
осознание,"1
"
вскр,"1
"
посыл,"1
"
оптимизм,"1
"
сторонка,"1
"
норрис,"1
"
чак,"1
"
стивен,"1
"
ушаков,"1
"
вифлеем,"1
"
органичность,"1
"
акционер,"1
"
сбербанк,"1
"
сбербанкгреф,"1
"
греф,"1
"
попр,"1
"
эмоция,"1
"
слеза,"1
"
вурдалак,"1
"
шваль,"1
"
алекс,"1
"
каратель,"1
"
цру,"1
"
эксклюзивмосква,"1
"
тур,"1
"
марксист,"1
"
справочник,"1
"
чаплин,"1
"
всеволод,"1
"
калифорния,"1
"
джанна,"1
"
дочь,"1
"
бездныленинград,"1
"
беззвезднойс,"1
"
республика,"1
"
заболевание,"1
"
львов,"1
"
смартфон,"1
"
распаковка,"1
"
высота,"1
"
доплата,"1
"
директ,"1
"
просрало,"1
"
приключение,"1
"
экспрезидент,"1
"
турчинов,"1
"
надеждин,"1
"
преамбула,"1
"
вирус,"1
"
маяковский,"1
"
школьник,"1
"
предло,"1
"
образ,"1
"
пацан,"1
"
яд ваш,"1
"
бирюковмосква,"1
"
комфорт,"1
"
благоустройство,"1
"
колбаса,"1
"
скрижаль,"1
"
донат,"1
"
блоггер,"1
"
штаб,"1
"
награда,"1
"
америк,"1
"
речьместо,"1
"
любезностямитрамп,"1
"
фашизм,"1
"
аппарат,"1
"
расстройство,"1
"
противник,"1
"
аляска,"1
"
медведь,"1
"
указание,"1
"
расценка,"1
"
автомобилист,"1
"
коап,"1
"
преемник,"1
"
помета,"1
"
журналистика,"1
"
подписчик,"1
"
гнида,"1
"
тупица,"1
"
тявканье,"1
"
боря,"1
"
фрейд,"1
"
зеленоград,"1
"
коммунальщик,"1
"
батька,"1
"
интеллектуал,"1
"
стукачок,"1
"
бобёр,"1
"
кучемай,"1
"
рассказ,"1
"
зашквара,"1
"
агад,"1
"
дегенерат,"1
"
дешёвка,"1
"
фанат,"1
"
перемещение,"1
"
фанатскай,"1
"
хахахахахах,"1
"
лгбт,"1
"
комната,"1
"
фашик,"1
"
объяснение,"1
"
пикет,"1
"
брюки,"1
"
тренировка,"1
"
беговой,"1
"
крылатакий,"1
"
уважение,"1
"
разлад,"1
"
долина,"1
"
стрелка,"1
"
поиск,"1
"
кората,"1
"
паника,"1
"
верх,"1
"
конкуренция,"1
"
восстановление,"1
"
авторитет,"1
"
дождь,"1
"
сковородка,"1
"
юрдек,"1
"
щека,"1
"
грозилс,"1
"
кочарян,"1
"
навальнёнок,"1
"
функционервор,"1
"
воспевание,"1
"
деградация,"1
"
альтернатива,"1
"
бундестаг,"1
"
парикмахер,"1
"
власов,"1
"
озеро,"1
"
песочница,"1
"
самурай,"1
"
идеология,"1
"
шапка,"1
"
кепка,"1
"
толь,"1
"
болото,"1
"
дача,"1
"
корчевников,"1
"
итвлия,"1
"
воспитание,"1
"
ролик,"1
"
темп,"1
"
вооруженияммид,"1
"
челс,"1
"
пневмония,"1
"
инфаркт,"1
"
пуна,"1
"
москвакраснодарв,"1
"
таджикистан,"1
"
российск,"1
"
тополь,"1
"
тунб,"1
"
лексус,"1
"
вован,"1
"
пранкеры,"1
"
кооператив,"1
"
патрушев,"1
"
песковпеск,"1
"
мишка,"1
"
соцсеть,"1
"
платошкин,"1
"
черногорец,"1
"
люксембуржец,"1
"
собственность,"1
"
фио,"1
"
частник,"1
"
амстердам,"1
"
варя,"1
"
гаджет,"1
"
методика,"1
"
колыма,"1
"
сосед,"1
"
род,"1
"
термин,"1
"
пчелинцев,"1
"
фсин,"1
"
надобность,"1
"
постановка,"1
"
последствие,"1
"
оксана,"1
"
невиновность,"1
"
брехун,"1
"
дмитрийя,"1
"
сравнивание,"1
"
пандемия,"1
"
недостаток,"1
"
альбац,"1
"
таблица,"1
"
слон,"1
"
спраша,"1
"
птичка,"1
"
ирония,"1
"
инфа,"1
"
беда,"1
"
нервишки,"1
"
показатель,"1
"
корпорация,"1
"
предприятие,"1
"
выручка,"1
"
замглавы,"1
"
малышев,"1
"
лттературщина,"1
"
яныкать,"1
"
хрень,"1
"
церковь,"1
"
христианин,"1
"
учёный,"1
"
корра,"1
"
художникактивист,"1
"
содержание,"1
"
прыжок,"1
"
челвыздоро,"1
"
потанин,"1
"
задёр,"1
"
фбр,"1
"
сотрудничество,"1
"
прекр,"1
"
комуть,"1
"
украинупутин,"1
"
спецпроект,"1
"
серия,"1
"
камень,"1
"
салон,"1
"
лечение,"1
"
гостеприимство,"1
"
рагуля,"1
"
национализм,"1
"
исход,"1
"
разгар,"1
"
воровст,"1
"
фашист,"1
"
устройство,"1
"
каспер,"1
"
гараничев,"1
"
милан,"1
"
человечность,"1
"
драчев,"1
"
голландия,"1
"
ушлепок,"1
"
удача,"1
"
наталья,"1
"
дичь,"1
"
динамик,"1
"
гнездо,"1
"
тюмена,"1
"
челябинск,"1
"
казань,"1
"
православие,"1
"
светоч,"1
"
массажист,"1
"
педынака,"1
"
раскольник,"1
"
подстрекатель,"1
"
аккредитация,"1
"
дуб,"1
"
группировка,"1
"
пытка,"1
"
застенок,"1
"
шампунь,"1
"
жопа,"1
"
чьять,"1
"
стена,"1
"
могила,"1
"
венка,"1
"
марионетка,"1
"
слшапиро,"1
"
море,"1
"
тайга,"1
"
